[fc1]
wc=0
momB=0
momW=0
epsW=0.00001
epsB=0.00002

[fc2]
wc=0
momB=0
momW=0
epsW=0.00001
epsB=0.00002

[logprob]
coeff=1
